A 0 0
B 8 0
C 16 0
D 24 0
E 32 0
F 40 0
G 48 0
H 56 0
I 64 0
J 72 0
K 80 0
L 88 0
M 96 0
N 104 0
O 112 0
P 120 0

Q 0 8
R 8 8
S 16 8
T 24 8
U 32 8
V 40 8
W 48 8
X 56 8
Y 64 8
Z 72 8
a 80 8
b 88 8
c 96 8
d 104 8
e 112 8
f 120 8

g 0 16
h 8 16
i 16 16
j 24 16
k 32 16
l 40 16
m 48 16
n 56 16
o 64 16
p 72 16
q 80 16
r 88 16
s 96 16
t 104 16
u 112 16
v 120 16

w 0 24
x 8 24
y 16 24
z 24 24
0 32 24
1 40 24
2 48 24
3 56 24
4 64 24
5 72 24
6 80 24
7 88 24
8 96 24
9 104 24
[ 112 24
] 120 24

{ 0 32
} 8 32
( 16 32
) 24 32
+ 32 32
- 40 32
/ 48 32
% 56 32
, 64 32
. 72 32
; 80 32
: 88 32
' 96 32
" 104 32
^ 112 32
& 120 32

@ 0 40
# 8 40
$ 16 40
  24 40
\ 32 40
? 40 40
! 48 40
~ 56 40
* 64 40
< 72 40
> 80 40
